CHARGE
mobley_1017962   1.0   1   -0.1943
mobley_1017962   1.0   2   0.0520
mobley_1017962   1.0   3   0.0124
mobley_1017962   1.0   4   0.1485
mobley_1017962   1.0   5   -0.4578
mobley_1017962   1.0   6   1.0038
mobley_1017962   1.0   7   -0.6411
mobley_1017962   1.0   8   -0.5019
mobley_1017962   1.0   9   0.0429
mobley_1017962   1.0   10   0.0457
mobley_1017962   1.0   11   0.0457
mobley_1017962   1.0   12   0.0457
mobley_1017962   1.0   13   0.0005
mobley_1017962   1.0   14   0.0005
mobley_1017962   1.0   15   0.0053
mobley_1017962   1.0   16   0.0053
mobley_1017962   1.0   17   -0.0203
mobley_1017962   1.0   18   -0.0203
mobley_1017962   1.0   19   0.1086
mobley_1017962   1.0   20   0.1086
mobley_1017962   1.0   21   0.0700
mobley_1017962   1.0   22   0.0700
mobley_1017962   1.0   23   0.0700
mobley_1019269   1.0   1   -0.1659
mobley_1019269   1.0   2   0.0368
mobley_1019269   1.0   3   -0.0227
mobley_1019269   1.0   4   0.3026
mobley_1019269   1.0   5   -0.7272
mobley_1019269   1.0   6   0.0399
mobley_1019269   1.0   7   0.0399
mobley_1019269   1.0   8   0.0399
mobley_1019269   1.0   9   -0.0011
mobley_1019269   1.0   10   -0.0011
mobley_1019269   1.0   11   0.0389
mobley_1019269   1.0   12   0.0389
mobley_1019269   1.0   13   -0.0305
mobley_1019269   1.0   14   -0.0305
mobley_1019269   1.0   15   0.4420
mobley_1034539   1.0   1   -0.1868
mobley_1034539   1.0   2   -0.0708
mobley_1034539   1.0   3   0.0302
mobley_1034539   1.0   4   0.0423
mobley_1034539   1.0   5   -0.0943
mobley_1034539   1.0   6   -0.0029
mobley_1034539   1.0   7   0.1385
mobley_1034539   1.0   8   -0.1245
mobley_1034539   1.0   9   -0.0175
mobley_1034539   1.0   10   0.0799
mobley_1034539   1.0   11   0.0376
mobley_1034539   1.0   12   -0.0311
mobley_1034539   1.0   13   -0.0510
mobley_1034539   1.0   14   -0.0516
mobley_1034539   1.0   15   -0.0538
mobley_1034539   1.0   16   -0.0564
mobley_1034539   1.0   17   -0.0802
mobley_1034539   1.0   18   -0.0805
mobley_1034539   1.0   19   0.1602
mobley_1034539   1.0   20   0.1418
mobley_1034539   1.0   21   0.1269
mobley_1034539   1.0   22   0.1439
mobley_1036761   1.0   1   -0.0324
mobley_1036761   1.0   2   0.0022
mobley_1036761   1.0   3   -0.2426
mobley_1036761   1.0   4   0.4988
mobley_1036761   1.0   5   -0.2426
mobley_1036761   1.0   6   0.0022
mobley_1036761   1.0   7   -1.0973
mobley_1036761   1.0   8   0.0172
mobley_1036761   1.0   9   0.0172
mobley_1036761   1.0   10   0.0078
mobley_1036761   1.0   11   0.0078
mobley_1036761   1.0   12   0.0669
mobley_1036761   1.0   13   0.0669
mobley_1036761   1.0   14   0.0161
mobley_1036761   1.0   15   0.0669
mobley_1036761   1.0   16   0.0669
mobley_1036761   1.0   17   0.0078
mobley_1036761   1.0   18   0.0078
mobley_1036761   1.0   19   0.3812
mobley_1036761   1.0   20   0.3812
mobley_1046331   1.0   1   -0.1547
mobley_1046331   1.0   2   -0.1266
mobley_1046331   1.0   3   -0.2771
mobley_1046331   1.0   4   0.4713
mobley_1046331   1.0   5   -0.2771
mobley_1046331   1.0   6   -0.1266
mobley_1046331   1.0   7   -0.5207
mobley_1046331   1.0   8   0.7460
mobley_1046331   1.0   9   -0.5613
mobley_1046331   1.0   10   0.1434
mobley_1046331   1.0   11   0.1499
mobley_1046331   1.0   12   0.1847
mobley_1046331   1.0   13   0.1847
mobley_1046331   1.0   14   0.1499
mobley_1046331   1.0   15   0.0142
mobley_1075836   1.0   1   -0.1070
mobley_1075836   1.0   2   -0.2102
mobley_1075836   1.0   3   0.9039
mobley_1075836   1.0   4   -0.6141
mobley_1075836   1.0   5   -0.5117
mobley_1075836   1.0   6   0.0679
mobley_1075836   1.0   7   0.0412
mobley_1075836   1.0   8   0.0412
mobley_1075836   1.0   9   0.0412
mobley_1075836   1.0   10   0.0740
mobley_1075836   1.0   11   0.0740
mobley_1075836   1.0   12   0.0666
mobley_1075836   1.0   13   0.0666
mobley_1075836   1.0   14   0.0666
mobley_1079207   1.0   1   -0.2238
mobley_1079207   1.0   2   -0.0300
mobley_1079207   1.0   3   -0.0594
mobley_1079207   1.0   4   0.0549
mobley_1079207   1.0   5   -0.0594
mobley_1079207   1.0   6   -0.0300
mobley_1079207   1.0   7   -0.1017
mobley_1079207   1.0   8   -0.1017
mobley_1079207   1.0   9   0.1696
mobley_1079207   1.0   10   0.1339
mobley_1079207   1.0   11   0.1136
mobley_1079207   1.0   12   0.1339
mobley_1139153   1.0   1   -0.4486
mobley_1139153   1.0   2   0.4703
mobley_1139153   1.0   3   -0.4486
mobley_1139153   1.0   4   -0.3309
mobley_1139153   1.0   5   0.7273
mobley_1139153   1.0   6   -0.4430
mobley_1139153   1.0   7   -0.4430
mobley_1139153   1.0   8   -0.4430
mobley_1139153   1.0   9   0.0969
mobley_1139153   1.0   10   0.0969
mobley_1139153   1.0   11   0.0969
mobley_1139153   1.0   12   -0.0483
mobley_1139153   1.0   13   0.0969
mobley_1139153   1.0   14   0.0969
mobley_1139153   1.0   15   0.0969
mobley_1139153   1.0   16   0.0307
mobley_1139153   1.0   17   0.0307
mobley_1139153   1.0   18   0.0850
mobley_1139153   1.0   19   0.0850
mobley_1139153   1.0   20   0.0850
mobley_1139153   1.0   21   0.0850
mobley_1139153   1.0   22   0.0850
mobley_1139153   1.0   23   0.0850
mobley_1139153   1.0   24   0.0850
mobley_1139153   1.0   25   0.0850
mobley_1139153   1.0   26   0.0850
mobley_1144156   1.0   1   -0.2692
mobley_1144156   1.0   2   0.3990
mobley_1144156   1.0   3   -0.4844
mobley_1144156   1.0   4   0.3990
mobley_1144156   1.0   5   -0.2692
mobley_1144156   1.0   6   0.0682
mobley_1144156   1.0   7   0.0682
mobley_1144156   1.0   8   0.0682
mobley_1144156   1.0   9   -0.0461
mobley_1144156   1.0   10   -0.0461
mobley_1144156   1.0   11   -0.0461
mobley_1144156   1.0   12   -0.0461
mobley_1144156   1.0   13   0.0682
mobley_1144156   1.0   14   0.0682
mobley_1144156   1.0   15   0.0682
mobley_1160109   1.0   1   -0.4775
mobley_1160109   1.0   2   0.2501
mobley_1160109   1.0   3   -0.0175
mobley_1160109   1.0   4   -0.1097
mobley_1160109   1.0   5   -0.2020
mobley_1160109   1.0   6   0.1068
mobley_1160109   1.0   7   0.0439
mobley_1160109   1.0   8   -0.1973
mobley_1160109   1.0   9   0.5015
mobley_1160109   1.0   10   -0.5347
mobley_1160109   1.0   11   0.1503
mobley_1160109   1.0   12   -0.5731
mobley_1160109   1.0   13   -0.2940
mobley_1160109   1.0   14   0.1164
mobley_1160109   1.0   15   0.1164
mobley_1160109   1.0   16   0.1164
mobley_1160109   1.0   17   0.0427
mobley_1160109   1.0   18   0.0427
mobley_1160109   1.0   19   0.0607
mobley_1160109   1.0   20   0.0607
mobley_1160109   1.0   21   0.0622
mobley_1160109   1.0   22   0.0622
mobley_1160109   1.0   23   0.2009
mobley_1160109   1.0   24   0.2009
mobley_1160109   1.0   25   0.0903
mobley_1160109   1.0   26   0.0903
mobley_1160109   1.0   27   0.0903
mobley_1178614   1.0   1   -0.0544
mobley_1178614   1.0   2   -0.2684
mobley_1178614   1.0   3   -0.0168
mobley_1178614   1.0   4   -0.1882
mobley_1178614   1.0   5   0.5218
mobley_1178614   1.0   6   -0.3559
mobley_1178614   1.0   7   -0.6213
mobley_1178614   1.0   8   -0.1104
mobley_1178614   1.0   9   0.1463
mobley_1178614   1.0   10   0.1650
mobley_1178614   1.0   11   0.1486
mobley_1178614   1.0   12   0.2025
mobley_1178614   1.0   13   0.4312
mobley_1189457   1.0   1   -0.1751
mobley_1189457   1.0   2   -0.2875
mobley_1189457   1.0   3   0.1482
mobley_1189457   1.0   4   -0.0481
mobley_1189457   1.0   5   -0.2421
mobley_1189457   1.0   6   -0.0767
mobley_1189457   1.0   7   -0.2421
mobley_1189457   1.0   8   -0.0481
mobley_1189457   1.0   9   0.0989
mobley_1189457   1.0   10   0.0989
mobley_1189457   1.0   11   0.0989
mobley_1189457   1.0   12   0.1084
mobley_1189457   1.0   13   0.1612
mobley_1189457   1.0   14   0.1357
mobley_1189457   1.0   15   0.1612
mobley_1189457   1.0   16   0.1084
mobley_1231151   1.0   1   -0.3913
mobley_1231151   1.0   2   0.2454
mobley_1231151   1.0   3   -0.3913
mobley_1231151   1.0   4   -0.2580
mobley_1231151   1.0   5   0.1202
mobley_1231151   1.0   6   0.1202
mobley_1231151   1.0   7   0.1202
mobley_1231151   1.0   8   0.0738
mobley_1231151   1.0   9   0.1202
mobley_1231151   1.0   10   0.1202
mobley_1231151   1.0   11   0.1202
mobley_1235151   1.0   1   -0.2091
mobley_1235151   1.0   2   0.0907
mobley_1235151   1.0   3   -0.0503
mobley_1235151   1.0   4   -0.0016
mobley_1235151   1.0   5   -0.1608
mobley_1235151   1.0   6   0.7770
mobley_1235151   1.0   7   -0.4680
mobley_1235151   1.0   8   -0.4680
mobley_1235151   1.0   9   0.0518
mobley_1235151   1.0   10   0.0518
mobley_1235151   1.0   11   0.0518
mobley_1235151   1.0   12   -0.0005
mobley_1235151   1.0   13   -0.0005
mobley_1235151   1.0   14   0.0316
mobley_1235151   1.0   15   0.0316
mobley_1235151   1.0   16   0.0382
mobley_1235151   1.0   17   0.0382
mobley_1235151   1.0   18   0.0980
mobley_1235151   1.0   19   0.0980
mobley_1244778   1.0   1   0.0394
mobley_1244778   1.0   2   0.0394
mobley_1244778   1.0   3   0.0023
mobley_1244778   1.0   4   -0.1525
mobley_1244778   1.0   5   0.4082
mobley_1244778   1.0   6   -0.1525
mobley_1244778   1.0   7   0.0023
mobley_1244778   1.0   8   -0.7532
mobley_1244778   1.0   9   -0.0108
mobley_1244778   1.0   10   -0.0108
mobley_1244778   1.0   11   -0.0108
mobley_1244778   1.0   12   -0.0108
mobley_1244778   1.0   13   -0.0031
mobley_1244778   1.0   14   -0.0031
mobley_1244778   1.0   15   0.0543
mobley_1244778   1.0   16   0.0543
mobley_1244778   1.0   17   -0.0292
mobley_1244778   1.0   18   0.0543
mobley_1244778   1.0   19   0.0543
mobley_1244778   1.0   20   -0.0031
mobley_1244778   1.0   21   -0.0031
mobley_1244778   1.0   22   0.4340
mobley_1261349   1.0   1   -0.4331
mobley_1261349   1.0   2   0.7159
mobley_1261349   1.0   3   -0.4331
mobley_1261349   1.0   4   -0.4331
mobley_1261349   1.0   5   -0.4331
mobley_1261349   1.0   6   0.0847
mobley_1261349   1.0   7   0.0847
mobley_1261349   1.0   8   0.0847
mobley_1261349   1.0   9   0.0847
mobley_1261349   1.0   10   0.0847
mobley_1261349   1.0   11   0.0847
mobley_1261349   1.0   12   0.0847
mobley_1261349   1.0   13   0.0847
mobley_1261349   1.0   14   0.0847
mobley_1261349   1.0   15   0.0847
mobley_1261349   1.0   16   0.0847
mobley_1261349   1.0   17   0.0847
mobley_1278715   1.0   1   -0.6382
mobley_1278715   1.0   2   -0.6382
mobley_1278715   1.0   3   0.2127
mobley_1278715   1.0   4   0.2127
mobley_1278715   1.0   5   0.2127
mobley_1278715   1.0   6   0.2127
mobley_1278715   1.0   7   0.2127
mobley_1278715   1.0   8   0.2127
mobley_129464   1.0   1   -0.1901
mobley_129464   1.0   2   0.1367
mobley_129464   1.0   3   -0.0160
mobley_129464   1.0   4   0.2377
mobley_129464   1.0   5   -0.4879
mobley_129464   1.0   6   0.2377
mobley_129464   1.0   7   -0.0160
mobley_129464   1.0   8   0.1367
mobley_129464   1.0   9   -0.1901
mobley_129464   1.0   10   0.0423
mobley_129464   1.0   11   0.0423
mobley_129464   1.0   12   0.0423
mobley_129464   1.0   13   -0.0301
mobley_129464   1.0   14   -0.0301
mobley_129464   1.0   15   0.0160
mobley_129464   1.0   16   0.0160
mobley_129464   1.0   17   -0.0115
mobley_129464   1.0   18   -0.0115
mobley_129464   1.0   19   -0.0115
mobley_129464   1.0   20   -0.0115
mobley_129464   1.0   21   0.0160
mobley_129464   1.0   22   0.0160
mobley_129464   1.0   23   -0.0301
mobley_129464   1.0   24   -0.0301
mobley_129464   1.0   25   0.0423
mobley_129464   1.0   26   0.0423
mobley_129464   1.0   27   0.0423
ENDCHARGE
