MOL
    15
  -2.3580000  -0.4260000  -0.0000000  -1.1760000   0.5230000   0.0000000
  -0.0000000  -0.2310000   0.0000000   1.1760000   0.5230000  -0.0000000
   2.3580000  -0.4260000   0.0000000  -3.2920000   0.1280000  -0.0000000
  -2.3330000  -1.0610000  -0.8790000  -2.3330000  -1.0610000   0.8790000
  -1.2070000   1.1690000   0.8770000  -1.2070000   1.1690000  -0.8770000
   1.2070000   1.1690000  -0.8770000   1.2070000   1.1690000   0.8770000
   3.2920000   0.1280000  -0.0000000   2.3330000  -1.0610000   0.8790000
   2.3330000  -1.0610000  -0.8790000
