MOL
    23
   4.5980000  -0.2580000   0.0000000   3.2730000   0.5030000  -0.0010000
   2.0540000  -0.4210000   0.0000000   0.7280000   0.3400000  -0.0010000
  -0.4770000  -0.5960000   0.0000000  -1.8010000   0.1300000   0.0000000
  -1.9420000   1.3100000   0.0010000  -2.8170000  -0.7230000  -0.0000000
  -4.1200000  -0.1700000  -0.0000000   5.4430000   0.4230000  -0.0010000
   4.6860000  -0.8920000   0.8780000   4.6860000  -0.8950000  -0.8760000
   3.2310000   1.1530000  -0.8720000   3.2310000   1.1550000   0.8680000
   2.0990000  -1.0750000  -0.8690000   2.0990000  -1.0720000   0.8720000
   0.6750000   0.9920000   0.8660000   0.6750000   0.9890000  -0.8690000
  -0.4670000  -1.2520000  -0.8650000  -0.4660000  -1.2510000   0.8680000
  -4.7970000  -1.0100000  -0.0010000  -4.2760000   0.4370000  -0.8810000
  -4.2760000   0.4360000   0.8810000
