MOL
    17
   0.3950000   0.0110000  -1.4830000  -0.0000000  -0.0000000   0.0000000
  -1.5170000   0.1940000   0.1270000   0.7240000   1.1390000   0.7310000
   0.3980000  -1.3440000   0.6250000   1.4660000  -0.1240000  -1.6050000
  -0.1040000  -0.7860000  -2.0280000   0.1240000   0.9520000  -1.9540000
  -1.8270000   0.1900000   1.1690000  -2.0580000  -0.6000000  -0.3820000
  -1.8300000   1.1390000  -0.3080000   0.4640000   1.1570000   1.7850000
   1.8030000   1.0290000   0.6580000   0.4610000   2.1050000   0.3090000
   0.1310000  -1.3810000   1.6780000   1.4700000  -1.5090000   0.5500000
  -0.1000000  -2.1710000   0.1280000
