MOL
    15
  -2.5100000  -0.2940000   0.0000000  -1.2220000   0.5290000  -0.0000000
   0.0350000  -0.3410000  -0.0000000   1.3180000   0.4720000   0.0000000
   2.4030000  -0.4200000  -0.0000000  -3.3860000   0.3480000  -0.0010000
  -2.5660000  -0.9330000  -0.8760000  -2.5660000  -0.9320000   0.8770000
  -1.2140000   1.1820000  -0.8710000  -1.2140000   1.1820000   0.8710000
   0.0410000  -0.9900000   0.8720000   0.0410000  -0.9900000  -0.8720000
   1.3520000   1.1160000  -0.8780000   1.3520000   1.1150000   0.8780000
   3.2150000   0.0660000   0.0000000
