MOL
    20
  -1.8790000   0.0150000  -0.2870000  -1.1600000   1.2740000   0.2040000
   0.3240000   1.2520000  -0.1770000   1.0320000  -0.0140000   0.3280000
   0.3040000  -1.2670000  -0.1590000  -1.1810000  -1.2520000   0.2150000
   2.4400000  -0.0990000  -0.0370000  -1.8920000   0.0110000  -1.3760000
  -2.9160000   0.0250000   0.0360000  -1.6360000   2.1630000  -0.2020000
  -1.2520000   1.3410000   1.2870000   0.4200000   1.2970000  -1.2630000
   0.8260000   2.1340000   0.2150000   0.9950000  -0.0090000   1.4160000
   0.4010000  -1.3310000  -1.2440000   0.7950000  -2.1430000   0.2500000
  -1.6730000  -2.1350000  -0.1850000  -1.2790000  -1.3090000   1.2980000
   2.9460000   0.6890000   0.3200000   2.5440000  -0.0830000  -1.0350000
