MOL
    19
   3.9810000  -0.0040000   0.1010000   2.6150000   0.0150000  -0.5830000
   1.4540000  -0.0110000   0.4140000   0.0880000   0.0080000  -0.2750000
  -1.0490000  -0.0190000   0.7440000  -2.3500000  -0.0000000   0.0300000
  -2.8250000  -1.0530000  -0.2690000  -2.8140000   1.0670000  -0.2300000
   4.7830000   0.0160000  -0.6300000   4.1070000   0.8560000   0.7520000
   4.1060000  -0.8980000   0.7050000   2.5330000  -0.8380000  -1.2520000
   2.5340000   0.9030000  -1.2050000   1.5350000   0.8430000   1.0830000
   1.5350000  -0.9000000   1.0360000  -0.0110000  -0.8500000  -0.9320000
  -0.0100000   0.8990000  -0.8850000  -1.0430000   0.8530000   1.3790000
  -1.0430000  -0.9230000   1.3320000
