MOL
    15
   2.4710000   0.0000000   0.3220000   1.8040000  -1.1990000   0.1290000
   0.4730000  -1.2040000  -0.2550000  -0.1750000  -0.0000000  -0.4390000
   0.4730000   1.2040000  -0.2550000   1.8040000   1.1990000   0.1280000
  -1.4880000  -0.0000000  -0.8830000  -2.4780000  -0.0000000   0.0060000
  -2.3640000   0.0000000   1.1780000   3.5040000   0.0000000   0.6190000
   2.3170000  -2.1320000   0.2760000  -0.0580000  -2.1250000  -0.4120000
  -0.0580000   2.1250000  -0.4130000   2.3170000   2.1320000   0.2750000
  -3.4260000  -0.0000000  -0.5210000
