MOL
    27
   4.8990000  -0.5700000  -0.0000000   3.7060000   0.3860000   0.0000000
   2.3630000  -0.3450000   0.0000000   1.1760000   0.6030000   0.0000000
   0.0000000  -0.1490000   0.0000000  -1.1760000   0.6030000  -0.0000000
  -2.3630000  -0.3450000  -0.0000000  -3.7060000   0.3860000  -0.0000000
  -4.8990000  -0.5700000   0.0000000   5.8390000  -0.0260000   0.0000000
   4.8860000  -1.2110000   0.8760000   4.8870000  -1.2100000  -0.8770000
   3.7680000   1.0360000   0.8710000   3.7670000   1.0360000  -0.8700000
   2.2890000  -0.9890000  -0.8720000   2.2890000  -0.9890000   0.8720000
   1.2070000   1.2500000   0.8770000   1.2070000   1.2500000  -0.8770000
  -1.2070000   1.2500000  -0.8770000  -1.2070000   1.2500000   0.8770000
  -2.2890000  -0.9890000   0.8720000  -2.2890000  -0.9890000  -0.8720000
  -3.7680000   1.0360000  -0.8710000  -3.7670000   1.0360000   0.8700000
  -5.8390000  -0.0260000  -0.0000000  -4.8860000  -1.2110000  -0.8760000
  -4.8870000  -1.2100000   0.8770000
