MOL
    27
   3.4750000  -0.3200000  -0.0930000   2.0080000  -0.4090000   0.3130000
   1.9450000  -0.7370000   1.3510000   1.2150000  -1.4210000  -0.5350000
  -0.2660000  -1.4750000  -0.1540000  -0.9280000  -0.1000000  -0.2990000
  -0.8010000   0.2080000  -1.3380000  -0.1730000   0.9290000   0.5730000
   1.3130000   0.9440000   0.2630000   1.8860000   1.9550000  -0.0050000
  -2.4230000  -0.0630000  -0.0150000  -3.0550000  -0.9760000   0.7020000
  -3.1670000   1.1050000  -0.6200000   3.5740000   0.0170000  -1.1190000
   4.0130000   0.3790000   0.5340000   3.9490000  -1.2930000  -0.0060000
   1.3120000  -1.1570000  -1.5870000   1.6620000  -2.4040000  -0.4220000
  -0.7820000  -2.1980000  -0.7770000  -0.3540000  -1.8230000   0.8730000
  -0.5470000   1.9350000   0.4360000  -0.3060000   0.6620000   1.6200000
  -4.1130000  -0.9040000   0.8850000  -2.5610000  -1.8260000   1.1330000
  -3.0850000   1.0900000  -1.7040000  -4.2190000   1.0790000  -0.3620000
  -2.7640000   2.0560000  -0.2850000
