  23
                                        mobley_1017962      
c3   4.5980000000  -0.2580000000   0.0000000000
c3   3.2730000000   0.5030000000  -0.0010000000
c3   2.0540000000  -0.4210000000   0.0000000000
c3   0.7280000000   0.3400000000  -0.0010000000
c3  -0.4770000000  -0.5960000000   0.0000000000
c   -1.8010000000   0.1300000000   0.0000000000
o   -1.9420000000   1.3100000000   0.0010000000
os  -2.8170000000  -0.7230000000   0.0000000000
c3  -4.1200000000  -0.1700000000   0.0000000000
hc   5.4430000000   0.4230000000  -0.0010000000
hc   4.6860000000  -0.8920000000   0.8780000000
hc   4.6860000000  -0.8950000000  -0.8760000000
hc   3.2310000000   1.1530000000  -0.8720000000
hc   3.2310000000   1.1550000000   0.8680000000
hc   2.0990000000  -1.0750000000  -0.8690000000
hc   2.0990000000  -1.0720000000   0.8720000000
hc   0.6750000000   0.9920000000   0.8660000000
hc   0.6750000000   0.9890000000  -0.8690000000
hc  -0.4670000000  -1.2520000000  -0.8650000000
hc  -0.4660000000  -1.2510000000   0.8680000000
h1  -4.7970000000  -1.0100000000  -0.0010000000
h1  -4.2760000000   0.4370000000  -0.8810000000
h1  -4.2760000000   0.4360000000   0.8810000000
  15
                                        mobley_1019269      
c3  -2.5100000000  -0.2940000000   0.0000000000
c3  -1.2220000000   0.5290000000   0.0000000000
c3   0.0350000000  -0.3410000000   0.0000000000
c3   1.3180000000   0.4720000000   0.0000000000
oh   2.4030000000  -0.4200000000   0.0000000000
hc  -3.3860000000   0.3480000000  -0.0010000000
hc  -2.5660000000  -0.9330000000  -0.8760000000
hc  -2.5660000000  -0.9320000000   0.8770000000
hc  -1.2140000000   1.1820000000  -0.8710000000
hc  -1.2140000000   1.1820000000   0.8710000000
hc   0.0410000000  -0.9900000000   0.8720000000
hc   0.0410000000  -0.9900000000  -0.8720000000
h1   1.3520000000   1.1160000000  -0.8780000000
h1   1.3520000000   1.1150000000   0.8780000000
ho   3.2150000000   0.0660000000   0.0000000000
  22
                                        mobley_1034539      
ca  -1.7260000000   0.7130000000  -1.3960000000
ca  -3.0990000000   0.7550000000  -1.5080000000
ca  -3.9030000000   0.1530000000  -0.5500000000
ca  -3.3150000000  -0.4940000000   0.5240000000
ca  -1.9330000000  -0.5370000000   0.6320000000
cp  -1.1280000000   0.0650000000  -0.3200000000
cp   0.3600000000  -0.0390000000  -0.2060000000
ca   0.9470000000  -1.2820000000  -0.3680000000
ca   2.3150000000  -1.4500000000  -0.2800000000
ca   3.1380000000  -0.3640000000  -0.0250000000
ca   2.5640000000   0.8960000000   0.1460000000
ca   1.1830000000   1.0540000000   0.0580000000
cl   0.4750000000   2.6150000000   0.3070000000
cl   3.5720000000   2.2570000000   0.4740000000
cl   4.8460000000  -0.5710000000   0.0790000000
cl   2.9540000000  -3.0430000000  -0.5020000000
cl  -4.2590000000  -1.2650000000   1.7560000000
cl  -5.6220000000   0.2360000000  -0.7400000000
ha  -1.1190000000   1.1830000000  -2.1480000000
ha  -3.5620000000   1.2510000000  -2.3390000000
ha  -1.4950000000  -1.0390000000   1.4730000000
ha   0.3300000000  -2.1340000000  -0.5760000000
  20
                                        mobley_1036761      
c3  -1.8790000000   0.0150000000  -0.2870000000
c3  -1.1600000000   1.2740000000   0.2040000000
c3   0.3240000000   1.2520000000  -0.1770000000
c3   1.0320000000  -0.0140000000   0.3280000000
c3   0.3040000000  -1.2670000000  -0.1590000000
c3  -1.1810000000  -1.2520000000   0.2150000000
n3   2.4400000000  -0.0990000000  -0.0370000000
hc  -1.8920000000   0.0110000000  -1.3760000000
hc  -2.9160000000   0.0250000000   0.0360000000
hc  -1.6360000000   2.1630000000  -0.2020000000
hc  -1.2520000000   1.3410000000   1.2870000000
hc   0.4200000000   1.2970000000  -1.2630000000
hc   0.8260000000   2.1340000000   0.2150000000
h1   0.9950000000  -0.0090000000   1.4160000000
hc   0.4010000000  -1.3310000000  -1.2440000000
hc   0.7950000000  -2.1430000000   0.2500000000
hc  -1.6730000000  -2.1350000000  -0.1850000000
hc  -1.2790000000  -1.3090000000   1.2980000000
hn   2.9460000000   0.6890000000   0.3200000000
hn   2.5440000000  -0.0830000000  -1.0350000000
  15
                                        mobley_1046331      
ca   2.4710000000   0.0000000000   0.3220000000
ca   1.8040000000  -1.1990000000   0.1290000000
ca   0.4730000000  -1.2040000000  -0.2550000000
ca  -0.1750000000   0.0000000000  -0.4390000000
ca   0.4730000000   1.2040000000  -0.2550000000
ca   1.8040000000   1.1990000000   0.1280000000
os  -1.4880000000   0.0000000000  -0.8830000000
c   -2.4780000000   0.0000000000   0.0060000000
o   -2.3640000000   0.0000000000   1.1780000000
ha   3.5040000000   0.0000000000   0.6190000000
ha   2.3170000000  -2.1320000000   0.2760000000
ha  -0.0580000000  -2.1250000000  -0.4120000000
ha  -0.0580000000   2.1250000000  -0.4130000000
ha   2.3170000000   2.1320000000   0.2750000000
h5  -3.4260000000   0.0000000000  -0.5210000000
  14
                                        mobley_1075836      
c3   2.4730000000   0.1080000000   0.0000000000
c3   1.2050000000  -0.7370000000   0.0000000000
c   -0.0580000000   0.0910000000   0.0000000000
o   -0.1030000000   1.2790000000   0.0000000000
os  -1.1380000000  -0.6780000000   0.0000000000
c3  -2.3940000000  -0.0230000000   0.0000000000
hc   3.3480000000  -0.5320000000   0.0000000000
hc   2.5160000000   0.7460000000  -0.8740000000
hc   2.5160000000   0.7460000000   0.8750000000
hc   1.1650000000  -1.3900000000   0.8660000000
hc   1.1650000000  -1.3900000000  -0.8670000000
h1  -3.1350000000  -0.8070000000  -0.0020000000
h1  -2.4990000000   0.5950000000  -0.8800000000
h1  -2.5010000000   0.5920000000   0.8820000000
  12
                                        mobley_1079207      
ca   0.0000000000   2.0640000000   0.0000000000
ca  -1.2040000000   1.3810000000   0.0000000000
ca  -1.1880000000  -0.0020000000   0.0000000000
ca   0.0000000000  -0.7100000000   0.0000000000
ca   1.1880000000  -0.0020000000   0.0000000000
ca   1.2040000000   1.3810000000   0.0000000000
cl   2.6920000000  -0.8780000000   0.0000000000
cl  -2.6920000000  -0.8780000000   0.0000000000
ha   0.0000000000   3.1390000000   0.0000000000
ha  -2.1380000000   1.9090000000   0.0000000000
ha   0.0000000000  -1.7820000000   0.0000000000
ha   2.1380000000   1.9090000000   0.0000000000
  26
                                        mobley_1139153      
c3  -1.9410000000   1.3060000000   0.1690000000
c3  -1.5790000000   0.0020000000  -0.5500000000
c3  -2.1580000000  -1.2060000000   0.1990000000
c3  -0.0940000000  -0.1490000000  -0.9640000000
c3   1.1060000000  -0.0190000000   0.0160000000
c3   0.9490000000  -0.8630000000   1.2880000000
c3   2.3440000000  -0.5290000000  -0.7470000000
c3   1.3760000000   1.4430000000   0.4100000000
hc  -1.5420000000   2.1740000000  -0.3470000000
hc  -3.0210000000   1.4180000000   0.2140000000
hc  -1.5750000000   1.3240000000   1.1900000000
hc  -2.1010000000   0.0300000000  -1.5050000000
hc  -1.9110000000  -2.1370000000  -0.3030000000
hc  -1.8010000000  -1.2750000000   1.2200000000
hc  -3.2410000000  -1.1330000000   0.2400000000
hc  -0.0160000000  -1.1260000000  -1.4370000000
hc   0.0850000000   0.5700000000  -1.7610000000
hc   1.8710000000  -0.8520000000   1.8620000000
hc   0.7200000000  -1.8990000000   1.0550000000
hc   0.1650000000  -0.4830000000   1.9330000000
hc   3.2430000000  -0.4180000000  -0.1470000000
hc   2.4930000000   0.0240000000  -1.6710000000
hc   2.2440000000  -1.5800000000  -1.0030000000
hc   2.2950000000   1.5140000000   0.9860000000
hc   0.5830000000   1.8630000000   1.0160000000
hc   1.4920000000   2.0710000000  -0.4690000000
  15
                                        mobley_1144156      
c3  -2.3580000000  -0.4260000000   0.0000000000
c3  -1.1760000000   0.5230000000   0.0000000000
os   0.0000000000  -0.2310000000   0.0000000000
c3   1.1760000000   0.5230000000   0.0000000000
c3   2.3580000000  -0.4260000000   0.0000000000
hc  -3.2920000000   0.1280000000   0.0000000000
hc  -2.3330000000  -1.0610000000  -0.8790000000
hc  -2.3330000000  -1.0610000000   0.8790000000
h1  -1.2070000000   1.1690000000   0.8770000000
h1  -1.2070000000   1.1690000000  -0.8770000000
h1   1.2070000000   1.1690000000  -0.8770000000
h1   1.2070000000   1.1690000000   0.8770000000
hc   3.2920000000   0.1280000000   0.0000000000
hc   2.3330000000  -1.0610000000   0.8790000000
hc   2.3330000000  -1.0610000000  -0.8790000000
  27
                                        mobley_1160109      
c3   3.4750000000  -0.3200000000  -0.0930000000
c3   2.0080000000  -0.4090000000   0.3130000000
hc   1.9450000000  -0.7370000000   1.3510000000
c3   1.2150000000  -1.4210000000  -0.5350000000
c3  -0.2660000000  -1.4750000000  -0.1540000000
c3  -0.9280000000  -0.1000000000  -0.2990000000
hc  -0.8010000000   0.2080000000  -1.3380000000
c3  -0.1730000000   0.9290000000   0.5730000000
c    1.3130000000   0.9440000000   0.2630000000
o    1.8860000000   1.9550000000  -0.0050000000
c2  -2.4230000000  -0.0630000000  -0.0150000000
c2  -3.0550000000  -0.9760000000   0.7020000000
c3  -3.1670000000   1.1050000000  -0.6200000000
hc   3.5740000000   0.0170000000  -1.1190000000
hc   4.0130000000   0.3790000000   0.5340000000
hc   3.9490000000  -1.2930000000  -0.0060000000
hc   1.3120000000  -1.1570000000  -1.5870000000
hc   1.6620000000  -2.4040000000  -0.4220000000
hc  -0.7820000000  -2.1980000000  -0.7770000000
hc  -0.3540000000  -1.8230000000   0.8730000000
hc  -0.5470000000   1.9350000000   0.4360000000
hc  -0.3060000000   0.6620000000   1.6200000000
ha  -4.1130000000  -0.9040000000   0.8850000000
ha  -2.5610000000  -1.8260000000   1.1330000000
hc  -3.0850000000   1.0900000000  -1.7040000000
hc  -4.2190000000   1.0790000000  -0.3620000000
hc  -2.7640000000   2.0560000000  -0.2850000000
  13
                                        mobley_1178614      
ca  -2.3380000000  -0.0100000000   0.0000000000
ca  -1.8040000000  -1.2920000000   0.0000000000
ca  -0.4330000000  -1.4540000000   0.0000000000
ca   0.3930000000  -0.3430000000   0.0000000000
ca  -0.1310000000   0.9410000000   0.0000000000
ca  -1.5130000000   1.0950000000   0.0000000000
oh   0.6200000000   2.0530000000   0.0000000000
cl   2.1300000000  -0.5600000000   0.0000000000
ha  -3.4040000000   0.1280000000   0.0000000000
ha  -2.4460000000  -2.1530000000   0.0000000000
ha   0.0060000000  -2.4340000000   0.0000000000
ha  -1.9110000000   2.0930000000   0.0000000000
ho   1.5450000000   1.8440000000   0.0000000000
  16
                                        mobley_1189457      
c3   2.5650000000   0.0010000000   1.0510000000
ss   1.8740000000  -0.0010000000  -0.6280000000
ca   0.1230000000   0.0000000000  -0.2740000000
ca  -0.5680000000   1.2000000000  -0.1510000000
ca  -1.9290000000   1.1990000000   0.1080000000
ca  -2.6110000000   0.0000000000   0.2390000000
ca  -1.9290000000  -1.1990000000   0.1090000000
ca  -0.5680000000  -1.2000000000  -0.1500000000
h1   3.6430000000   0.0000000000   0.9500000000
h1   2.2610000000  -0.8830000000   1.5960000000
h1   2.2620000000   0.8850000000   1.5940000000
ha  -0.0390000000   2.1290000000  -0.2610000000
ha  -2.4550000000   2.1330000000   0.2020000000
ha  -3.6680000000   0.0000000000   0.4370000000
ha  -2.4550000000  -2.1320000000   0.2030000000
ha  -0.0400000000  -2.1290000000  -0.2600000000
  11
                                        mobley_1231151      
c3   1.0610000000   1.2700000000  -0.1200000000
c3   0.4060000000   0.0000000000   0.4000000000
c3   1.0610000000  -1.2700000000  -0.1200000000
cl  -1.3510000000   0.0000000000  -0.0570000000
hc   0.5680000000   2.1520000000   0.2680000000
hc   2.1010000000   1.2910000000   0.1950000000
hc   1.0290000000   1.3050000000  -1.2020000000
h1   0.4010000000   0.0000000000   1.4800000000
hc   0.5680000000  -2.1520000000   0.2680000000
hc   2.1010000000  -1.2910000000   0.1950000000
hc   1.0290000000  -1.3050000000  -1.2020000000
  19
                                        mobley_1235151      
c3   3.9810000000  -0.0040000000   0.1010000000
c3   2.6150000000   0.0150000000  -0.5830000000
c3   1.4540000000  -0.0110000000   0.4140000000
c3   0.0880000000   0.0080000000  -0.2750000000
c3  -1.0490000000  -0.0190000000   0.7440000000
no  -2.3500000000   0.0000000000   0.0300000000
o   -2.8250000000  -1.0530000000  -0.2690000000
o   -2.8140000000   1.0670000000  -0.2300000000
hc   4.7830000000   0.0160000000  -0.6300000000
hc   4.1070000000   0.8560000000   0.7520000000
hc   4.1060000000  -0.8980000000   0.7050000000
hc   2.5330000000  -0.8380000000  -1.2520000000
hc   2.5340000000   0.9030000000  -1.2050000000
hc   1.5350000000   0.8430000000   1.0830000000
hc   1.5350000000  -0.9000000000   1.0360000000
hc  -0.0110000000  -0.8500000000  -0.9320000000
hc  -0.0100000000   0.8990000000  -0.8850000000
h1  -1.0430000000   0.8530000000   1.3790000000
h1  -1.0430000000  -0.9230000000   1.3320000000
  22
                                        mobley_1244778      
c3  -1.7290000000   0.8010000000  -0.4760000000
c3  -2.0210000000  -0.6580000000  -0.0860000000
c3  -0.8320000000  -1.4900000000   0.4200000000
c3   0.5110000000  -1.2640000000  -0.2880000000
c3   1.3130000000  -0.0970000000   0.2810000000
c3   0.7490000000   1.2930000000  -0.0110000000
c3  -0.7080000000   1.5440000000   0.3970000000
oh   2.6100000000  -0.2090000000  -0.2620000000
hc  -2.6710000000   1.3430000000  -0.4620000000
hc  -1.3850000000   0.8400000000  -1.5060000000
hc  -2.7880000000  -0.6730000000   0.6840000000
hc  -2.4580000000  -1.1520000000  -0.9500000000
hc  -0.6930000000  -1.3130000000   1.4850000000
hc  -1.1030000000  -2.5380000000   0.3360000000
hc   1.1300000000  -2.1460000000  -0.1690000000
hc   0.3750000000  -1.1270000000  -1.3580000000
h1   1.3660000000  -0.2310000000   1.3630000000
hc   1.3850000000   2.0200000000   0.4940000000
hc   0.8580000000   1.4790000000  -1.0770000000
hc  -0.8570000000   1.3040000000   1.4480000000
hc  -0.8910000000   2.6110000000   0.3070000000
ho   3.1570000000   0.4860000000   0.0770000000
  17
                                        mobley_1261349      
c3   0.3950000000   0.0110000000  -1.4830000000
c3   0.0000000000   0.0000000000   0.0000000000
c3  -1.5170000000   0.1940000000   0.1270000000
c3   0.7240000000   1.1390000000   0.7310000000
c3   0.3980000000  -1.3440000000   0.6250000000
hc   1.4660000000  -0.1240000000  -1.6050000000
hc  -0.1040000000  -0.7860000000  -2.0280000000
hc   0.1240000000   0.9520000000  -1.9540000000
hc  -1.8270000000   0.1900000000   1.1690000000
hc  -2.0580000000  -0.6000000000  -0.3820000000
hc  -1.8300000000   1.1390000000  -0.3080000000
hc   0.4640000000   1.1570000000   1.7850000000
hc   1.8030000000   1.0290000000   0.6580000000
hc   0.4610000000   2.1050000000   0.3090000000
hc   0.1310000000  -1.3810000000   1.6780000000
hc   1.4700000000  -1.5090000000   0.5500000000
hc  -0.1000000000  -2.1710000000   0.1280000000
   8
                                        mobley_1278715      
c3   0.7910000000   0.0000000000   0.0000000000
c3  -0.7910000000   0.0000000000   0.0000000000
cl  -1.4000000000   0.8780000000  -1.4100000000
cl  -1.4000000000  -1.6600000000  -0.0560000000
cl  -1.4000000000   0.7820000000   1.4660000000
cl   1.4000000000   1.6600000000   0.0560000000
cl   1.4000000000  -0.7820000000  -1.4660000000
cl   1.4000000000  -0.8780000000   1.4100000000
  27
                                        mobley_129464       
c3   4.8990000000  -0.5700000000   0.0000000000
c3   3.7060000000   0.3860000000   0.0000000000
c3   2.3630000000  -0.3450000000   0.0000000000
c3   1.1760000000   0.6030000000   0.0000000000
os   0.0000000000  -0.1490000000   0.0000000000
c3  -1.1760000000   0.6030000000   0.0000000000
c3  -2.3630000000  -0.3450000000   0.0000000000
c3  -3.7060000000   0.3860000000   0.0000000000
c3  -4.8990000000  -0.5700000000   0.0000000000
hc   5.8390000000  -0.0260000000   0.0000000000
hc   4.8860000000  -1.2110000000   0.8760000000
hc   4.8870000000  -1.2100000000  -0.8770000000
hc   3.7680000000   1.0360000000   0.8710000000
hc   3.7670000000   1.0360000000  -0.8700000000
hc   2.2890000000  -0.9890000000  -0.8720000000
hc   2.2890000000  -0.9890000000   0.8720000000
h1   1.2070000000   1.2500000000   0.8770000000
h1   1.2070000000   1.2500000000  -0.8770000000
h1  -1.2070000000   1.2500000000  -0.8770000000
h1  -1.2070000000   1.2500000000   0.8770000000
hc  -2.2890000000  -0.9890000000   0.8720000000
hc  -2.2890000000  -0.9890000000  -0.8720000000
hc  -3.7680000000   1.0360000000  -0.8710000000
hc  -3.7670000000   1.0360000000   0.8700000000
hc  -5.8390000000  -0.0260000000   0.0000000000
hc  -4.8860000000  -1.2110000000  -0.8760000000
hc  -4.8870000000  -1.2100000000   0.8770000000
