MOL
    22
  -1.7290000   0.8010000  -0.4760000  -2.0210000  -0.6580000  -0.0860000
  -0.8320000  -1.4900000   0.4200000   0.5110000  -1.2640000  -0.2880000
   1.3130000  -0.0970000   0.2810000   0.7490000   1.2930000  -0.0110000
  -0.7080000   1.5440000   0.3970000   2.6100000  -0.2090000  -0.2620000
  -2.6710000   1.3430000  -0.4620000  -1.3850000   0.8400000  -1.5060000
  -2.7880000  -0.6730000   0.6840000  -2.4580000  -1.1520000  -0.9500000
  -0.6930000  -1.3130000   1.4850000  -1.1030000  -2.5380000   0.3360000
   1.1300000  -2.1460000  -0.1690000   0.3750000  -1.1270000  -1.3580000
   1.3660000  -0.2310000   1.3630000   1.3850000   2.0200000   0.4940000
   0.8580000   1.4790000  -1.0770000  -0.8570000   1.3040000   1.4480000
  -0.8910000   2.6110000   0.3070000   3.1570000   0.4860000   0.0770000
