MOL
    22
  -1.7260000   0.7130000  -1.3960000  -3.0990000   0.7550000  -1.5080000
  -3.9030000   0.1530000  -0.5500000  -3.3150000  -0.4940000   0.5240000
  -1.9330000  -0.5370000   0.6320000  -1.1280000   0.0650000  -0.3200000
   0.3600000  -0.0390000  -0.2060000   0.9470000  -1.2820000  -0.3680000
   2.3150000  -1.4500000  -0.2800000   3.1380000  -0.3640000  -0.0250000
   2.5640000   0.8960000   0.1460000   1.1830000   1.0540000   0.0580000
   0.4750000   2.6150000   0.3070000   3.5720000   2.2570000   0.4740000
   4.8460000  -0.5710000   0.0790000   2.9540000  -3.0430000  -0.5020000
  -4.2590000  -1.2650000   1.7560000  -5.6220000   0.2360000  -0.7400000
  -1.1190000   1.1830000  -2.1480000  -3.5620000   1.2510000  -2.3390000
  -1.4950000  -1.0390000   1.4730000   0.3300000  -2.1340000  -0.5760000
