MOL
    26
  -1.9410000   1.3060000   0.1690000  -1.5790000   0.0020000  -0.5500000
  -2.1580000  -1.2060000   0.1990000  -0.0940000  -0.1490000  -0.9640000
   1.1060000  -0.0190000   0.0160000   0.9490000  -0.8630000   1.2880000
   2.3440000  -0.5290000  -0.7470000   1.3760000   1.4430000   0.4100000
  -1.5420000   2.1740000  -0.3470000  -3.0210000   1.4180000   0.2140000
  -1.5750000   1.3240000   1.1900000  -2.1010000   0.0300000  -1.5050000
  -1.9110000  -2.1370000  -0.3030000  -1.8010000  -1.2750000   1.2200000
  -3.2410000  -1.1330000   0.2400000  -0.0160000  -1.1260000  -1.4370000
   0.0850000   0.5700000  -1.7610000   1.8710000  -0.8520000   1.8620000
   0.7200000  -1.8990000   1.0550000   0.1650000  -0.4830000   1.9330000
   3.2430000  -0.4180000  -0.1470000   2.4930000   0.0240000  -1.6710000
   2.2440000  -1.5800000  -1.0030000   2.2950000   1.5140000   0.9860000
   0.5830000   1.8630000   1.0160000   1.4920000   2.0710000  -0.4690000
