MOL
    16
   2.5650000   0.0010000   1.0510000   1.8740000  -0.0010000  -0.6280000
   0.1230000  -0.0000000  -0.2740000  -0.5680000   1.2000000  -0.1510000
  -1.9290000   1.1990000   0.1080000  -2.6110000   0.0000000   0.2390000
  -1.9290000  -1.1990000   0.1090000  -0.5680000  -1.2000000  -0.1500000
   3.6430000   0.0000000   0.9500000   2.2610000  -0.8830000   1.5960000
   2.2620000   0.8850000   1.5940000  -0.0390000   2.1290000  -0.2610000
  -2.4550000   2.1330000   0.2020000  -3.6680000   0.0000000   0.4370000
  -2.4550000  -2.1320000   0.2030000  -0.0400000  -2.1290000  -0.2600000
